36.38950,139.06100
36.39600,139.07000
36.40500,139.08000
36.41500,139.09000
36.42600,139.10000
36.43800,139.11000
36.45000,139.11900
36.46200,139.12700
36.47400,139.13400
36.47509,139.13521
36.47607,139.13823
36.47685,139.14201
36.47750,139.14530
36.47859,139.14651
36.47957,139.14349
36.48035,139.13971
36.48100,139.13862
36.48209,139.13983
36.48307,139.14285
36.48385,139.14663
36.48450,139.14992
36.48559,139.15113
36.48657,139.14811
36.48735,139.14433
36.48800,139.14324
36.48909,139.14445
36.49007,139.14747
36.49085,139.15125
36.49150,139.15454
36.49259,139.15575
36.49357,139.15273
36.49435,139.14895
36.49500,139.14786
36.49609,139.14907
36.49707,139.15209
36.49785,139.15587
36.49850,139.15916
36.49959,139.16037
36.50057,139.15735
36.50135,139.15357
36.50200,139.15248
36.50309,139.15369
36.50407,139.15671
36.50485,139.16049
36.50550,139.16378
36.50659,139.16499
36.50757,139.16197
36.50835,139.15819
36.50900,139.15600
36.54800,139.17900
36.55300,139.18800
